100
48 48
47 48
40 53
40 53
36 53
31 54
25 55
25 57
25 59
24 66
14 66
13 66
13 99
10 99
10 99
10 99
10 99
10 99
10 99
8 99
5 99
5 99
5 99
4 99
4 99
2 99
2 99
2 99
2 99
2 99
2 99
2 99
2 99
1 99
1 99
1 99
1 99
1 99
1 99
1 99
1 99
1 99
1 99
1 99
1 99
1 99
1 99
1 99
1 98
1 98
1 98
1 98
1 98
1 98
1 98
1 98
1 98
1 98
0 96
0 96
0 96
0 96
0 96
0 96
0 96
0 96
21 95
21 95
21 95
21 95
21 94
23 94
23 93
23 93
23 93
26 92
29 92
29 89
32 89
32 83
32 80
32 79
33 78
33 77
33 77
33 76
38 76
38 71
38 71
38 71
38 71
38 70
38 70
39 69
40 69
40 69
40 68
42 57
43 51
48 48
