10
00
f0
a8
12
00
f0
a8
00
00
00
00
00
00
00
00
67
00
00
00
00
00 
00 
00
00
00 
00 
00
00
00
00
00
00
00
00
00
00
00
00
00
00
00
00
00
00
00
00
00
00
00
00
00
00
00
00
00
00
00
00
00
00
00
00
00
00
00
00
00
00
00
00
00
78
00
00
00
00
00
00
00
88
0c
00
00
00
00
00
00
e8
0c
00
00
00
00
00
00
58
5d
00
00
00
00
00
00
08
31
00
00
00
00
00
00
00
00
00
00
00
00
00
00
00
00
00
00
00
00
00
00
00
00
00
00
00
00
00
00
00
00
c0
bf
ff
ff
ff
ff
00
00
00
00
00
00
00
00
00
00
c0
bf
ff
ff
ff
ff
00
00
00
00
00
00
00
00
00
00
00
00
00
00
00
00
01
00
01
00
00
00
00
00
00
00
00
00
00
00
02
00
00
00
00
00
00
20
00
00
00
00
00
08
