10
00
f0
a5
12
00
f0
a5
00
00
00
00
00
00
00
00
67
00
72
64
5f
73
74
61
72
74
3d
30
78
38
33
30
38
63
30
30
30
20
72
64
5f
73
69
7a
65
3d
31
35
34
38
33
33
39
32
20
63
6f
6e
73
6f
6c
65
3d
74
74
79
53
30
2c
31
31
35
32
30
30
20
72
64
69
6e
69
74
3d
2f
69
6e
69
74
20
6c
6f
67
6c
65
76
65
6c
3d
38
00
00
00
00
00
00
00
00
00
00
00
00
00
00
00
00
00
00
00
00
00
00
00
00
00
00
00
00
00
00
00
00
00
00
00
00
00
00
00
00
00
00
00
00
00
00
00
00
00
00
00
00
00
00
00
00
00
00
00
00
00
00
00
00
00
00
00
00
00
78
00
00
00
00
00
00
00
88
0c
00
00
00
00
00
00
e8
0c
00
00
00
00
00
00
58
30
00
00
00
00
00
00
08
31
00
00
00
00
00
00
58
5d
00
00
00
00
00
00
08
31
00
00
00
00
00
00
00
00
00
00
00
00
00
00
00
00
00
00
00
00
00
00
00
00
00
00
00
00
00
00
00
00
c0
bf
ff
ff
ff
ff
00
00
00
00
00
00
00
00
00
00
c0
bf
ff
ff
ff
ff
00
00
00
00
00
00
00
00
00
00
00
00
00
00
00
00
01
00
01
00
00
00
00
00
00
00
00
00
00
00
01
00
