1000 1000
492
595 29
982 951
328 39
543 276
646 380
541 861
484 357
344 324
862 624
393 363
378 758
997 792
699 233
264 752
128 950
565 894
582 215
136 23
768 525
872 414
967 933
769 547
979 364
439 155
892 256
174 953
779 749
339 833
520 344
175 792
931 614
606 633
146 325
430 744
661 872
877 239
950 317
103 77
563 29
903 20
681 545
921 601
924 168
186 369
20 124
591 760
953 727
962 515
253 49
882 7
141 292
413 631
845 384
337 262
465 665
735 430
659 403
750 304
821 458
853 541
100 314
521 998
16 324
740 578
580 27
468 607
562 245
206 38
476 851
682 874
68 478
634 900
126 370
895 175
947 514
696 13
246 845
511 717
38 67
356 723
319 901
291 828
519 936
367 891
164 72
279 952
330 762
560 536
137 985
350 488
564 229
51 81
332 909
256 613
657 840
455 66
459 901
242 79
537 813
23 59
526 212
714 502
10 985
412 317
630 112
287 161
410 941
840 880
987 150
99 599
98 730
311 378
235 847
198 367
588 901
977 155
282 982
6 340
841 97
719 957
598 78
259 138
207 359
255 29
720 950
664 578
766 626
501 548
671 80
323 703
937 674
949 80
392 869
14 941
739 324
217 893
228 76
592 263
957 836
556 365
406 453
376 270
94 507
518 530
669 865
315 982
223 493
22 868
483 148
625 869
780 675
990 470
748 440
172 512
33 797
884 929
341 897
972 224
426 619
831 666
529 251
724 485
787 707
241 680
628 281
744 990
461 435
12 675
763 189
850 463
973 743
247 489
403 662
195 223
790 155
290 25
856 476
764 862
331 870
796 284
69 445
677 191
754 297
102 181
355 900
804 288
738 249
46 371
920 533
566 929
795 159
989 30
803 89
514 986
742 33
364 547
125 178
629 949
889 964
570 130
776 700
161 840
24 124
885 242
601 376
948 879
822 746
761 295
805 450
495 784
326 844
871 753
911 38
952 434
651 403
153 439
858 598
506 713
913 480
919 589
799 742
236 234
737 650
559 922
249 3
965 771
729 16
208 498
202 371
615 956
833 747
417 848
340 30
440 769
834 483
257 810
741 683
700 600
122 981
158 168
452 127
116 325
215 324
755 255
851 446
283 33
276 281
618 786
36 896
819 383
133 387
600 823
645 302
148 314
583 437
983 102
115 629
929 272
313 478
63 419
405 375
181 549
534 425
785 27
767 410
945 532
351 44
303 988
797 198
415 187
930 504
204 37
400 837
467 257
727 338
690 660
854 124
268 978
789 813
728 52
602 521
307 329
976 388
360 855
444 729
552 117
144 314
41 769
384 127
706 191
905 292
899 21
828 895
510 37
694 718
245 250
62 514
670 779
425 326
597 577
394 306
551 757
607 34
273 363
117 786
42 809
839 153
500 70
686 714
879 610
986 575
423 213
486 611
532 20
745 958
294 615
65 985
544 251
916 181
286 7
284 569
120 307
383 91
170 996
179 93
868 105
818 143
90 944
616 864
936 546
823 444
807 453
568 318
233 514
447 383
557 546
722 81
723 128
297 780
448 35
656 521
642 714
266 288
433 14
808 622
830 621
280 701
361 445
185 187
708 246
293 593
545 674
225 331
956 38
567 120
229 898
917 366
398 429
673 291
718 221
281 553
586 59
60 326
5 558
352 565
270 393
149 991
594 549
775 232
676 80
458 935
436 330
2 491
528 632
451 478
244 58
975 396
366 183
162 205
93 769
298 236
274 537
810 92
852 516
37 379
131 90
826 796
631 248
349 418
701 230
784 368
915 666
89 608
34 993
814 219
512 700
372 456
497 294
316 917
912 482
209 613
614 662
231 390
189 2
984 947
132 11
407 81
946 607
308 898
301 855
166 18
83 857
58 310
357 811
914 666
427 940
44 359
715 199
434 148
968 476
887 315
7 890
505 310
396 968
214 979
420 174
674 895
620 632
477 597
792 759
760 255
925 1
961 133
666 763
991 788
944 136
637 256
542 335
698 325
442 766
865 901
110 280
730 254
933 688
875 731
498 793
783 996
234 288
765 80
399 80
88 842
704 584
535 951
707 600
18 818
992 323
445 303
716 303
310 318
891 807
32 47
277 864
824 63
938 140
751 450
91 231
391 905
675 200
385 247
82 725
842 4
70 714
324 122
612 298
558 60
112 547
581 433
359 328
752 666
999 606
424 143
832 643
782 689
299 716
288 425
746 737
438 594
599 255
414 243
487 931
201 537
464 358
